NOEUDS 60
0 Core_SW_0
1 Core_SW_1
2 Core_SW_2
3 Core_SW_3
4 Agg_SW_0
5 Agg_SW_1
6 Agg_SW_2
7 Agg_SW_3
8 Agg_SW_4
9 Agg_SW_5
10 Agg_SW_6
11 Agg_SW_7
12 Access_SW_0
13 Access_SW_1
14 Access_SW_2
15 Access_SW_3
16 Access_SW_4
17 Access_SW_5
18 Access_SW_6
19 Access_SW_7
20 Access_SW_8
21 Access_SW_9
22 Access_SW_10
23 Access_SW_11
24 Access_SW_12
25 Access_SW_13
26 Access_SW_14
27 Access_SW_15
28 Srv_Web_0
29 Srv_DB_1
30 Srv_App_2
31 Srv_File_3
32 Srv_Mail_4
33 Srv_DNS_5
34 Srv_Auth_6
35 Srv_Proxy_7
36 Srv_Backup_8
37 Srv_Monitor_9
38 Srv_API_10
39 Srv_Cache_11
40 Srv_Stream_12
41 Srv_IoT_13
42 Srv_VPN_14
43 Srv_NAS_15
44 Srv_Web_16
45 Srv_DB_17
46 Srv_App_18
47 Srv_File_19
48 Srv_Mail_20
49 Srv_DNS_21
50 Srv_Auth_22
51 Srv_Proxy_23
52 Srv_Backup_24
53 Srv_Monitor_25
54 Srv_API_26
55 Srv_Cache_27
56 Srv_Stream_28
57 Srv_IoT_29
58 Srv_VPN_30
59 Srv_NAS_31
ARETES 64
0 4 0.5 10000.0 50.0 10
0 5 0.5 10000.0 50.0 10
0 6 0.5 10000.0 50.0 10
0 7 0.5 10000.0 50.0 10
1 4 0.5 10000.0 50.0 10
1 5 0.5 10000.0 50.0 10
1 6 0.5 10000.0 50.0 10
1 7 0.5 10000.0 50.0 10
2 6 0.5 10000.0 50.0 10
2 7 0.5 10000.0 50.0 10
2 8 0.5 10000.0 50.0 10
2 9 0.5 10000.0 50.0 10
3 6 0.5 10000.0 50.0 10
3 7 0.5 10000.0 50.0 10
3 8 0.5 10000.0 50.0 10
3 9 0.5 10000.0 50.0 10
4 12 1.0 1000.0 10.0 9
4 13 1.0 1000.0 10.0 9
5 14 1.0 1000.0 10.0 9
5 15 1.0 1000.0 10.0 9
6 16 1.0 1000.0 10.0 9
6 17 1.0 1000.0 10.0 9
7 18 1.0 1000.0 10.0 9
7 19 1.0 1000.0 10.0 9
8 20 1.0 1000.0 10.0 9
8 21 1.0 1000.0 10.0 9
9 22 1.0 1000.0 10.0 9
9 23 1.0 1000.0 10.0 9
10 24 1.0 1000.0 10.0 9
10 25 1.0 1000.0 10.0 9
11 26 1.0 1000.0 10.0 9
11 27 1.0 1000.0 10.0 9
12 28 2.0 100.0 1.0 8
12 29 2.0 100.0 1.0 8
13 30 2.0 100.0 1.0 8
13 31 2.0 100.0 1.0 8
14 32 2.0 100.0 1.0 8
14 33 2.0 100.0 1.0 8
15 34 2.0 100.0 1.0 8
15 35 2.0 100.0 1.0 8
16 36 2.0 100.0 1.0 8
16 37 2.0 100.0 1.0 8
17 38 2.0 100.0 1.0 8
17 39 2.0 100.0 1.0 8
18 40 2.0 100.0 1.0 8
18 41 2.0 100.0 1.0 8
19 42 2.0 100.0 1.0 8
19 43 2.0 100.0 1.0 8
20 44 2.0 100.0 1.0 8
20 45 2.0 100.0 1.0 8
21 46 2.0 100.0 1.0 8
21 47 2.0 100.0 1.0 8
22 48 2.0 100.0 1.0 8
22 49 2.0 100.0 1.0 8
23 50 2.0 100.0 1.0 8
23 51 2.0 100.0 1.0 8
24 52 2.0 100.0 1.0 8
24 53 2.0 100.0 1.0 8
25 54 2.0 100.0 1.0 8
25 55 2.0 100.0 1.0 8
26 56 2.0 100.0 1.0 8
26 57 2.0 100.0 1.0 8
27 58 2.0 100.0 1.0 8
27 59 2.0 100.0 1.0 8
